0	2
1	0
2	0
3	0
4	0
5	0
6	0
7	0
8	1
9	1
10	1
11	1
12	0
13	1
14	0
15	0
16	0
17	0
18	0
19	0
20	0
21	2
22	0
23	0
24	0
25	0
26	2
27	0
28	0
29	0
30	0
31	2
32	0
33	0
34	0
35	1
36	0
37	1
38	1
39	0
40	0
41	0
42	0
43	0
44	1
45	0
46	0
47	0
48	0
49	0
50	2
51	0
52	0
53	1
54	0
55	0
56	1
57	0
58	1
59	0
60	2
61	0
62	0
63	1
64	0
65	0
66	0
67	1
68	0
69	2
70	0
71	0
72	0
73	0
74	1
75	0
76	0
77	0
78	1
79	0
80	1
81	0
82	0
83	0
84	0
85	1
86	1
87	0
88	0
89	0
90	0
91	0
92	0
93	2
94	2
95	0
96	0
97	0
98	0
99	0
100	0
101	1
102	0
103	1
104	0
105	0
106	0
107	0
108	0
109	0
110	2
111	2
112	0
113	0
114	0
115	0
116	0
117	0
118	0
119	2
120	0
121	0
122	1
123	0
124	2
125	0
126	0
127	0
128	0
129	1
130	0
131	1
132	0
133	0
134	0
135	0
136	2
137	1
138	0
139	0
140	0
141	0
142	0
143	0
144	1
145	0
146	0
147	0
148	0
149	0
150	0
151	0
152	0
153	0
154	0
155	2
156	0
157	0
158	0
159	0
160	1
161	0
162	0
163	0
164	0
165	0
166	0
167	1
168	0
169	1
170	1
171	2
172	1
173	0
174	0
175	0
176	0
177	0
178	0
179	0
180	0
181	0
182	1
183	1
184	2
185	1
186	0
187	0
188	1
189	0
190	0
191	1
192	1
193	0
194	2
195	2
196	1
197	1
198	0
199	0
200	1
201	2
202	0
203	0
204	2
205	0
206	0
207	2
208	0
209	0
210	0
211	0
212	0
213	0
214	1
215	0
216	1
217	0
218	0
219	1
220	0
221	0
222	2
223	0
224	0
225	0
226	0
227	0
228	1
229	0
230	0
231	0
232	0
233	0
234	0
235	0
236	0
237	0
238	0
239	0
240	0
241	0
242	0
243	0
244	0
245	0
246	0
247	0
248	0
249	1
250	0
251	0
252	0
253	0
254	0
255	2
256	0
257	2
258	0
259	0
260	1
261	0
262	0
263	0
264	1
265	0
266	0
267	1
268	2
269	0
270	0
271	0
272	0
273	0
274	0
275	1
276	0
277	0
278	0
279	0
280	0
281	0
282	0
283	0
284	0
285	0
286	2
287	2
288	0
289	0
290	0
291	1
292	0
293	0
294	1
295	1
296	1
297	0
298	2
299	0
300	0
301	0
302	1
303	0
304	0
305	1
306	0
307	1
308	0
309	0
310	0
311	0
312	0
313	0
314	0
315	2
316	0
317	1
318	0
319	2
320	0
321	0
322	0
323	0
324	0
325	0
326	1
327	0
328	0
329	2
330	0
331	1
332	0
333	0
